311 125
311 125
349 125
349 125
370 125
370 125
415 125
415 125
466 125
0 250
466 125
622 125
622 125
554 125
554 125
466 125
0 250
466 125
311 125
0 250
311 125
466 125
466 125
415 125
415 125
370 125
370 125
349 125
349 125
311 125
311 125
349 125
349 125
370 125
370 125
415 125
415 125
466 125
0 250
466 125
415 125
415 125
370 125
370 125
349 125
349 125
311 125
311 125
349 125
349 125
370 125
370 125
349 125
349 125
311 125
311 125
294 125
294 125
349 125
349 125
311 125
311 125
349 125
349 125
370 125
370 125
415 125
415 125
466 125
0 250
466 125
622 125
622 125
554 125
554 125
466 125
0 250
466 125
311 125
0 250
311 125
466 125
466 125
415 125
415 125
370 125
370 125
349 125
349 125
311 125
311 125
349 125
349 125
370 125
370 125
415 125
415 125
466 125
0 250
466 125
415 125
415 125
370 125
370 125
349 125
0 250
349 125
370 125
0 250
370 125
415 125
0 250
415 125
466 125
0 250
466 125
311 125
311 125
349 125
349 125
370 125
370 125
415 125
415 125
466 125
0 250
466 125
622 125
622 125
554 125
554 125
466 125
0 250
466 125
311 125
0 250
311 125
466 125
466 125
415 125
415 125
370 125
370 125
349 125
349 125
311 125
311 125
349 125
349 125
370 125
370 125
415 125
415 125
466 125
0 250
466 125
415 125
415 125
370 125
370 125
349 125
349 125
311 125
311 125
349 125
349 125
370 125
370 125
349 125
349 125
311 125
311 125
294 125
294 125
349 125
349 125
311 125
311 125
349 125
349 125
370 125
370 125
415 125
415 125
466 125
0 250
466 125
622 125
622 125
554 125
554 125
466 125
0 250
466 125
311 125
0 250
311 125
466 125
466 125
415 125
415 125
370 125
370 125
349 125
349 125
311 125
311 125
349 125
349 125
370 125
370 125
415 125
415 125
466 125
0 250
466 125
415 125
415 125
370 125
370 125
349 125
0 250
349 125
370 125
0 250
370 125
415 125
0 250
415 125
466 125
0 250
466 125
554 125
554 125
622 125
622 125
466 125
466 125
415 125
415 125
466 125
0 250
466 125
415 125
415 125
466 125
466 125
554 125
554 125
622 125
622 125
466 125
466 125
415 125
415 125
466 125
0 250
466 125
415 125
415 125
466 125
466 125
415 125
415 125
370 125
370 125
349 125
349 125
277 125
277 125
311 125
0 250
311 125
277 125
277 125
311 125
311 125
349 125
349 125
370 125
370 125
415 125
415 125
466 125
466 125
311 125
0 250
311 125
466 125
466 125
554 125
554 125
554 125
554 125
622 125
622 125
466 125
466 125
415 125
415 125
466 125
0 250
466 125
415 125
415 125
466 125
466 125
554 125
554 125
622 125
622 125
466 125
466 125
415 125
415 125
466 125
0 250
466 125
415 125
415 125
466 125
466 125
415 125
415 125
370 125
370 125
349 125
349 125
277 125
277 125
311 125
0 250
311 125
277 125
277 125
311 125
311 125
349 125
349 125
370 125
370 125
415 125
415 125
466 125
466 125
311 125
0 250
311 125
466 125
466 125
554 125
554 125
554 125
554 125
622 125
622 125
466 125
466 125
415 125
415 125
466 125
415 125
415 125
466 125
466 125
554 125
554 125
622 125
622 125
466 125
466 125
415 125
415 125
466 125
415 125
415 125
466 125
466 125
415 125
415 125
370 125
370 125
349 125
349 125
277 125
277 125
311 125
277 125
277 125
311 125
311 125
349 125
349 125
370 125
370 125
415 125
415 125
466 125
466 125
311 125
466 125
466 125
554 125
554 125
554 125
554 125
622 125
622 125
466 125
466 125
415 125
415 125
466 125
415 125
415 125
466 125
466 125
554 125
554 125
622 125
622 125
466 125
466 125
415 125
415 125
466 125
622 125
622 125
698 125
698 125
740 125
740 125
698 125
698 125
622 125
622 125
554 125
554 125
466 125
415 125
415 125
466 125
466 125
415 125
415 125
370 125
370 125
349 125
349 125
277 125
277 125
311 125
466 125
466 125
554 125
554 125
554 250
622 250
466 250
415 250
466 125
415 250
466 250
554 250
622 250
466 250
415 250
466 125
415 250
466 250
415 250
370 250
349 250
277 250
311 125
277 250
311 250
349 250
370 250
415 250
466 250
311 125
466 250
554 250
554 250
622 250
466 250
415 250
466 125
415 250
466 250
554 250
622 250
466 250
415 250
466 125
415 250
466 250
415 250
370 250
349 250
277 250
311 125
277 250
311 250
349 250
370 250
415 250
466 250
311 125
0 250
311 125
0 16500
311 125
311 125
349 125
349 125
370 125
370 125
415 125
415 125
466 125
0 250
466 125
622 125
622 125
554 125
554 125
466 125
0 250
466 125
311 125
0 250
311 125
466 125
466 125
415 125
415 125
370 125
370 125
349 125
349 125
311 125
311 125
349 125
349 125
370 125
370 125
415 125
415 125
466 125
0 250
466 125
415 125
415 125
370 125
370 125
349 125
349 125
311 125
311 125
349 125
349 125
370 125
370 125
349 125
349 125
311 125
311 125
294 125
294 125
349 125
349 125
311 125
311 125
349 125
349 125
370 125
370 125
415 125
415 125
466 125
0 250
466 125
622 125
622 125
554 125
554 125
466 125
0 250
466 125
311 125
0 250
311 125
466 125
466 125
415 125
415 125
370 125
370 125
349 125
349 125
311 125
311 125
349 125
349 125
370 125
370 125
415 125
415 125
466 125
0 250
466 125
415 125
415 125
370 125
370 125
349 125
0 250
349 125
370 125
0 250
370 125
415 125
0 250
415 125
466 125
0 250
466 125
311 125
311 125
349 125
349 125
370 125
370 125
415 125
415 125
466 125
0 250
466 125
622 125
622 125
554 125
554 125
466 125
0 250
466 125
311 125
0 250
311 125
466 125
466 125
415 125
415 125
370 125
370 125
349 125
349 125
311 125
311 125
349 125
349 125
370 125
370 125
415 125
415 125
466 125
0 250
466 125
415 125
415 125
370 125
370 125
349 125
349 125
311 125
311 125
349 125
349 125
370 125
370 125
349 125
349 125
311 125
311 125
294 125
294 125
349 125
349 125
311 125
311 125
349 125
349 125
370 125
370 125
415 125
415 125
466 125
0 250
466 125
622 125
622 125
554 125
554 125
466 125
0 250
466 125
311 125
0 250
311 125
466 125
466 125
415 125
415 125
370 125
370 125
349 125
349 125
311 125
311 125
349 125
349 125
370 125
370 125
415 125
415 125
466 125
0 250
466 125
415 125
415 125
370 125
370 125
349 125
0 250
349 125
370 125
0 250
370 125
415 125
0 250
415 125
466 125
0 250
466 125
554 125
554 125
622 125
622 125
466 125
466 125
415 125
415 125
466 125
0 250
466 125
415 125
415 125
466 125
466 125
554 125
554 125
622 125
622 125
466 125
466 125
415 125
415 125
466 125
0 250
466 125
415 125
415 125
466 125
466 125
415 125
415 125
370 125
370 125
349 125
349 125
277 125
277 125
311 125
0 250
311 125
277 125
277 125
311 125
311 125
349 125
349 125
370 125
370 125
415 125
415 125
466 125
466 125
311 125
0 250
311 125
466 125
466 125
554 125
554 125
554 125
554 125
622 125
622 125
466 125
466 125
415 125
415 125
466 125
0 250
466 125
415 125
415 125
466 125
466 125
554 125
554 125
622 125
622 125
466 125
466 125
415 125
415 125
466 125
0 250
466 125
415 125
415 125
466 125
466 125
415 125
415 125
370 125
370 125
349 125
349 125
277 125
277 125
311 125
0 250
311 125
277 125
277 125
311 125
311 125
349 125
349 125
370 125
370 125
415 125
415 125
466 125
466 125
311 125
0 250
311 125
466 125
466 125
554 125
554 125
554 125
554 125
622 125
622 125
466 125
466 125
415 125
415 125
466 125
0 250
466 125
415 125
415 125
466 125
466 125
554 125
554 125
622 125
622 125
466 125
466 125
415 125
415 125
466 125
0 250
466 125
415 125
415 125
466 125
466 125
415 125
415 125
370 125
370 125
349 125
349 125
277 125
277 125
311 125
0 250
311 125
277 125
277 125
311 125
311 125
349 125
349 125
370 125
370 125
415 125
415 125
466 125
466 125
311 125
0 250
311 125
466 125
466 125
554 125
554 125
554 125
554 125
622 125
622 125
466 125
466 125
415 125
415 125
466 125
0 250
466 125
415 125
415 125
466 125
466 125
554 125
554 125
622 125
622 125
466 125
466 125
415 125
415 125
466 125
0 250
466 125
622 125
622 125
698 125
698 125
740 125
740 125
698 125
698 125
622 125
622 125
554 125
554 125
466 125
0 250
466 125
415 125
415 125
466 125
466 125
415 125
415 125
370 125
370 125
349 125
349 125
277 125
277 125
311 125
0 250
311 125
494 125
494 125
587 125
587 125
587 125
587 125
659 125
659 125
494 125
494 125
440 125
440 125
494 125
0 250
494 125
440 125
440 125
494 125
494 125
587 125
587 125
659 125
659 125
494 125
494 125
440 125
440 125
494 125
0 250
494 125
440 125
440 125
494 125
494 125
440 125
440 125
392 125
392 125
370 125
370 125
294 125
294 125
330 125
0 250
330 125
294 125
294 125
330 125
330 125
370 125
370 125
392 125
392 125
440 125
440 125
494 125
494 125
330 125
0 250
330 125
494 125
494 125
587 125
587 125
587 125
587 125
659 125
659 125
494 125
494 125
440 125
440 125
494 125
0 250
494 125
440 125
440 125
494 125
494 125
587 125
587 125
659 125
659 125
494 125
494 125
440 125
440 125
494 125
0 250
494 125
440 125
440 125
494 125
494 125
440 125
440 125
392 125
392 125
370 125
370 125
294 125
294 125
330 125
0 250
330 125
294 125
294 125
330 125
330 125
370 125
370 125
392 125
392 125
440 125
440 125
494 125
494 125
330 125
0 250
330 125
494 125
494 125
587 125
587 125
587 125
587 125
659 125
659 125
494 125
494 125
440 125
440 125
494 125
0 250
494 125
440 125
440 125
494 125
494 125
587 125
587 125
659 125
659 125
494 125
494 125
440 125
440 125
494 125
0 250
494 125
440 125
440 125
494 125
494 125
440 125
440 125
392 125
392 125
370 125
370 125
294 125
294 125
330 125
0 250
330 125
294 125
294 125
330 125
330 125
370 125
370 125
392 125
392 125
440 125
440 125
494 125
494 125
330 125
0 250
330 125
494 125
494 125
587 125
587 125
587 125
587 125
659 125
659 125
494 125
494 125
440 125
440 125
494 125
0 250
494 125
440 125
440 125
494 125
494 125
587 125
587 125
659 125
659 125
494 125
494 125
440 125
440 125
494 125
0 250
494 125
659 125
659 125
740 125
740 125
784 125
784 125
740 125
740 125
659 125
659 125
587 125
587 125
494 125
0 250
494 125
440 125
440 125
494 125
494 125
440 125
440 125
392 125
392 125
370 125
370 125
294 125
294 125
494 125
